


 
Abilene Christian,28,13,15,.464,9,5,4,7,2133,1992
Air Force,30,14,16,.467,10,8,4,8,2011,2005
Akron,29,20,9,.690,14,1,5,5,2118,1881
Alabama,29,25,4,.862,14,0,9,2,2417,2004
Alabama A&M,29,13,16,.448,9,8,4,7,2043,2078
Alabama State,29,8,21,.276,5,5,2,16,1862,2117
Albany (NY),30,8,22,.267,5,6,2,15,2025,2253
Alcorn State,27,15,12,.556,6,2,8,9,1828,1925
American,29,15,14,.517,7,6,8,8,1901,1916
Appalachian State,31,16,15,.516,10,7,6,7,2187,1999
Arizona,29,24,5,.828,15,2,5,3,2417,2066
Arizona State,29,20,9,.690,10,5,7,4,2066,1948
Arkansas,29,19,10,.655,14,2,2,7,2183,1921
Arkansas State,31,12,19,.387,10,8,2,11,2024,2100
Arkansas-Pine Bluff,29,10,19,.345,8,3,2,16,1953,2032
Army,31,16,15,.516,9,5,7,7,2267,2162
Auburn,29,19,10,.655,13,2,4,7,2090,1910
Austin Peay,31,9,22,.290,7,8,1,13,2067,2241
Ball State,29,20,9,.690,12,1,6,6,2211,2028
Baylor,29,21,8,.724,14,2,4,5,2265,2029
Bellarmine,31,14,17,.452,8,6,6,11,2055,2066
Belmont,31,21,10,.677,12,2,7,7,2356,2205
Bethune-Cookman,30,12,18,.400,7,4,4,13,2015,2236
Binghamton,28,12,16,.429,8,6,4,10,1942,2003
Boise State,29,22,7,.759,13,1,5,5,2096,1829
Boston College,29,14,15,.483,9,6,3,7,1920,2028
Boston University,31,15,16,.484,9,4,6,10,2078,2080
Bowling Green State,29,10,19,.345,6,9,4,10,2209,2274
Bradley,31,23,8,.742,15,1,8,5,2217,1901
Brigham Young,31,17,14,.548,12,4,2,7,2344,2166
Brown,26,14,12,.538,7,4,7,8,1803,1788
Bryant,28,17,11,.607,9,4,7,6,2257,2060
Bucknell,31,12,19,.387,7,7,3,12,2102,2128
Buffalo,29,13,16,.448,10,4,2,9,2251,2246
Butler,29,14,15,.483,10,5,3,8,1903,1948
Cal Poly,30,7,23,.233,6,10,1,13,1792,1969
Cal State Bakersfield,29,10,19,.345,6,8,3,10,1788,1883
Cal State Fullerton,30,18,12,.600,11,2,7,8,2076,1936
Cal State Northridge,30,7,23,.233,7,7,0,14,1926,2062
California,29,3,26,.103,3,14,0,10,1697,2021
California Baptist,29,15,14,.517,11,5,4,7,2012,1879
Campbell,30,13,17,.433,8,6,4,10,2080,2050
Canisius,28,9,19,.321,6,7,3,12,1964,2034
Central Arkansas,31,9,22,.290,6,8,2,13,2261,2527
Central Connecticut State,31,10,21,.323,6,7,4,13,2042,2162
Central Florida,28,16,12,.571,10,6,4,5,2020,1845
Central Michigan,29,10,19,.345,6,7,3,11,1908,2083
Charleston Southern,29,9,20,.310,6,8,3,12,2113,2160
Charlotte,29,18,11,.621,11,3,5,7,1906,1771
Chattanooga,31,15,16,.484,9,7,6,9,2372,2219
Chicago State,29,11,18,.379,8,0,3,18,2043,2052
Cincinnati,30,19,11,.633,14,3,4,6,2319,2087
Clemson,29,21,8,.724,14,1,5,5,2196,1982
Cleveland State,31,19,12,.613,12,3,7,9,2208,2101
Coastal Carolina,30,11,19,.367,8,8,3,11,2204,2208
Colgate,31,23,8,.742,11,2,11,4,2410,2137
College of Charleston,31,28,3,.903,17,1,11,2,2533,2108
Colorado,30,15,15,.500,11,4,2,9,2099,1995
Colorado State,29,13,16,.448,8,7,4,7,2125,2079
Columbia,28,7,21,.250,6,9,1,12,1893,2110
Connecticut,29,22,7,.759,14,2,5,5,2289,1892
Coppin State,29,7,22,.241,4,6,3,16,2089,2451
Cornell,26,16,10,.615,10,2,6,8,2140,1976
Creighton,29,18,11,.621,12,2,4,6,2199,1975
Dartmouth,27,9,18,.333,6,5,3,11,1911,1945
Davidson,28,14,14,.500,7,7,5,6,1980,1943
Dayton,29,19,10,.655,13,2,5,5,2002,1767
Delaware,31,16,15,.516,10,5,4,10,2161,2173
Delaware State,27,6,21,.222,4,6,2,14,1750,2030
Denver,31,15,16,.484,9,5,4,11,2257,2319
DePaul,29,9,20,.310,7,7,2,11,2070,2225
Detroit Mercy,31,13,18,.419,8,5,5,12,2380,2347
Drake,31,24,7,.774,14,1,6,6,2345,2008
Drexel,30,16,14,.533,12,3,3,9,2003,1879
Duke,29,21,8,.724,15,0,3,6,2093,1854
Duquesne,29,19,10,.655,15,4,3,6,2176,2021
East Carolina,28,14,14,.500,9,6,2,7,1933,1976
East Tennessee State,31,12,19,.387,7,9,4,9,2154,2139
Eastern Illinois,31,9,22,.290,6,9,3,12,2134,2235
Eastern Kentucky,31,19,12,.613,13,2,5,9,2407,2253
Eastern Michigan,29,8,21,.276,6,7,2,11,2105,2332
Eastern Washington,30,22,8,.733,11,1,9,6,2312,2124
Elon,31,8,23,.258,5,9,3,12,2043,2218
Evansville,31,5,26,.161,3,10,1,14,1939,2335
Fairfield,29,12,17,.414,6,6,4,10,1868,1893
Fairleigh Dickinson,31,17,14,.548,8,5,8,8,2427,2355
Florida,29,14,15,.483,9,5,3,7,2078,1994
Florida A&M,27,7,20,.259,4,6,3,14,1572,1879
Florida Atlantic,29,26,3,.897,17,0,9,3,2279,1891
Florida Gulf Coast,31,17,14,.548,8,5,6,9,2225,2161
Florida International,29,13,16,.448,11,7,2,9,2097,2163
Florida State,29,9,20,.310,5,10,4,6,2033,2219
Fordham,29,23,6,.793,17,2,6,4,2094,1968
Fresno State,28,10,18,.357,6,7,4,8,1721,1803
Furman,31,24,7,.774,14,2,8,3,2547,2204
Gardner-Webb,30,15,15,.500,8,5,6,10,2116,1955
George Mason,29,17,12,.586,13,2,3,7,2026,1963
George Washington,29,15,14,.517,11,5,4,6,2222,2224
Georgetown,30,7,23,.233,5,12,1,10,2118,2321
Georgia,29,16,13,.552,13,3,1,9,2004,2079
Georgia Southern,31,16,15,.516,12,4,3,11,2142,2077
Georgia State,30,10,20,.333,10,9,0,11,1992,2069
Georgia Tech,29,12,17,.414,11,6,1,9,1990,2045
Gonzaga,30,25,5,.833,14,1,7,2,2623,2217
Grambling,27,19,8,.704,9,1,8,6,1858,1701
Grand Canyon,29,18,11,.621,14,4,3,5,2154,1903
Green Bay,31,3,28,.097,2,10,1,16,1841,2370
Hampton,31,8,23,.258,7,6,1,13,2119,2381
Hartford,28,5,23,.179,5,10,0,11,1757,1991
Harvard,27,14,13,.519,5,7,8,5,1832,1771
Hawaii,30,21,9,.700,13,5,5,3,2006,1841
High Point,30,14,16,.467,10,5,2,11,2242,2320
Hofstra,31,23,8,.742,11,1,10,5,2299,2034
Holy Cross,31,10,21,.323,6,9,4,10,2067,2251
Houston,29,27,2,.931,15,2,10,0,2207,1621
Houston Christian,30,10,20,.333,8,7,2,13,2349,2488
Howard,29,17,12,.586,11,2,5,8,2167,2127
Idaho,30,10,20,.333,6,9,4,11,2206,2177
Idaho State,30,11,19,.367,7,7,4,11,2067,2102
Illinois,29,19,10,.655,14,2,3,6,2151,1901
Illinois State,31,11,20,.355,8,7,3,9,2065,2180
Illinois-Chicago,31,12,19,.387,7,8,3,11,2092,2218
Incarnate Word,30,12,18,.400,7,7,3,12,2130,2209
Indiana,29,20,9,.690,14,1,5,7,2190,1959
Indiana State,31,20,11,.645,11,4,7,6,2439,2136
Iona,29,22,7,.759,10,1,7,4,2203,1890
Iowa,29,18,11,.621,14,2,3,7,2331,2159
Iowa State,28,17,11,.607,13,2,2,8,1912,1735
IUPUI,31,5,26,.161,4,9,0,14,2025,2389
Jackson State,28,10,18,.357,6,2,4,14,1905,2111
Jacksonville,29,13,16,.448,7,6,6,10,1837,1816
Jacksonville State,31,13,18,.419,9,5,3,12,2166,2178
James Madison,31,21,10,.677,11,3,8,6,2517,2099
Kansas,29,24,5,.828,14,1,7,3,2217,1977
Kansas City,31,11,20,.355,6,8,3,11,1999,2126
Kansas State,29,22,7,.759,15,1,4,6,2183,1971
Kennesaw State,31,23,8,.742,12,1,10,6,2345,2140
Kent State,29,23,6,.793,13,0,9,6,2186,1867
Kentucky,29,20,9,.690,14,3,5,4,2175,1950
La Salle,29,13,16,.448,8,7,5,7,2033,2120
Lafayette,31,9,22,.290,4,7,4,15,1904,2013
Lamar,30,9,21,.300,6,9,2,11,2044,2247
Lehigh,29,16,13,.552,9,5,7,8,2030,2011
Liberty,31,24,7,.774,16,1,6,5,2335,1866
Lindenwood,31,11,20,.355,9,4,2,14,2161,2278
Lipscomb,31,19,12,.613,13,2,6,10,2367,2193
Little Rock,31,10,21,.323,8,5,2,16,2337,2461
Long Beach State,30,16,14,.533,8,5,6,8,2287,2213
Long Island University,28,3,25,.107,2,10,1,14,1859,2228
Longwood,31,20,11,.645,12,3,8,8,2273,2038
Louisiana,30,23,7,.767,14,0,7,7,2373,2131
Louisiana State,29,13,16,.448,10,7,0,8,1948,2030
Louisiana Tech,29,13,16,.448,8,5,4,11,2107,2018
Louisiana-Monroe,31,11,20,.355,7,8,4,10,2100,2169
Louisville,29,4,25,.138,4,12,0,10,1870,2199
Loyola (IL),28,9,19,.321,6,7,2,8,1869,2023
Loyola (MD),31,12,19,.387,8,6,3,12,2076,2170
Loyola Marymount,30,19,11,.633,13,3,4,7,2272,2192
Maine,28,12,16,.429,7,4,5,11,1934,1942
Manhattan,27,11,16,.407,5,8,5,7,1830,1911
Marist,27,10,17,.370,5,9,4,8,1700,1778
Marquette,29,23,6,.793,15,1,7,4,2343,2061
Marshall,31,24,7,.774,15,2,9,5,2548,2210
Maryland,29,20,9,.690,16,1,2,7,2066,1822
Maryland-Baltimore County,30,17,13,.567,13,3,4,10,2243,2194
Maryland-Eastern Shore,27,16,11,.593,10,2,6,9,1902,1790
Massachusetts,28,14,14,.500,7,6,3,7,1975,1995
Massachusetts-Lowell,31,24,7,.774,15,0,9,7,2434,2053
McNeese State,30,8,22,.267,5,8,3,14,2053,2263
Memphis,29,22,7,.759,13,1,6,5,2317,2122
Mercer,31,13,18,.419,7,7,4,10,2144,2097
Merrimack,31,15,16,.484,7,6,8,8,1899,1917
Miami (FL),29,23,6,.793,15,1,7,4,2311,2075
Miami (OH),29,11,18,.379,9,9,2,8,2142,2164
Michigan,29,17,12,.586,12,4,3,5,2129,1993
Michigan State,28,17,11,.607,11,2,4,7,1955,1876
Middle Tennessee,29,18,11,.621,12,2,3,9,2067,1962
Milwaukee,30,20,10,.667,14,3,6,7,2340,2200
Minnesota,27,7,20,.259,5,10,1,9,1675,1912
Mississippi,29,11,18,.379,7,9,2,8,1967,1997
Mississippi State,29,19,10,.655,11,4,4,5,1911,1728
Mississippi Valley State,30,5,25,.167,4,4,1,19,1833,2254
Missouri,29,21,8,.724,15,3,4,5,2320,2165
Missouri State,30,16,14,.533,10,4,5,8,1973,1910
Monmouth,31,6,25,.194,3,10,3,15,1891,2338
Montana,28,15,13,.536,9,4,5,9,1925,1904
Montana State,30,21,9,.700,12,1,9,5,2215,1982
Morehead State,31,21,10,.677,14,2,7,8,2189,2060
Morgan State,28,14,14,.500,10,1,2,12,2126,2024
Mount St. Mary's,30,11,19,.367,5,9,6,10,1906,2003
Murray State,30,16,14,.533,11,2,3,11,2114,2181
Navy,30,18,12,.600,9,5,9,7,2101,1961
NC State,30,22,8,.733,15,2,4,5,2362,2108
Nebraska,29,15,14,.517,11,3,3,9,1952,2001
Nevada,29,22,7,.759,14,0,6,6,2109,1910
Nevada-Las Vegas,28,17,11,.607,9,6,4,5,2087,1926
New Hampshire,27,13,14,.481,9,4,4,10,1802,1818
New Mexico,29,20,9,.690,14,4,5,5,2339,2103
New Mexico State,24,9,15,.375,6,4,1,9,1769,1720
New Orleans,28,10,18,.357,6,9,4,9,2025,2235
Niagara,28,15,13,.536,9,4,4,9,1818,1827
Nicholls State,29,15,14,.517,10,2,5,11,2209,2116
NJIT,28,7,21,.250,5,8,2,13,1893,2039
Norfolk State,28,20,8,.714,10,2,6,6,2150,1915
North Alabama,31,18,13,.581,9,4,8,9,2348,2307
North Carolina,29,18,11,.621,12,2,3,7,2236,2083
North Carolina A&T,31,13,18,.419,8,5,4,10,2203,2286
North Carolina Central,26,15,11,.577,12,1,3,10,1967,1707
North Dakota,31,12,19,.387,8,8,4,11,2217,2274
North Dakota State,30,14,16,.467,9,4,5,10,2187,2175
North Florida,30,14,16,.467,11,2,3,14,2289,2329
North Texas,29,23,6,.793,10,2,9,3,1845,1634
Northeastern,29,10,19,.345,6,6,3,12,1885,2073
Northern Arizona,30,9,21,.300,6,7,3,13,2163,2213
Northern Colorado,29,10,19,.345,5,7,3,12,2111,2244
Northern Illinois,29,12,17,.414,4,6,7,10,2087,2174
Northern Iowa,30,13,17,.433,8,8,4,7,2103,2104
Northern Kentucky,31,19,12,.613,13,3,6,6,2101,1963
Northwestern,29,20,9,.690,13,4,6,4,1970,1811
Northwestern State,30,20,10,.667,9,3,10,7,2237,2169
Notre Dame,29,10,19,.345,10,8,0,9,2011,2072
Oakland,31,13,18,.419,8,6,5,9,2273,2361
Ohio,29,17,12,.586,13,1,4,10,2270,2121
Ohio State,29,12,17,.414,9,6,1,9,2115,2004
Oklahoma,29,14,15,.483,8,7,2,7,1973,1959
Oklahoma State,29,16,13,.552,11,4,3,7,2016,1929
Old Dominion,30,19,11,.633,12,4,6,5,2037,1987
Omaha,30,8,22,.267,5,7,1,15,2064,2314
Oral Roberts,31,27,4,.871,16,0,11,4,2606,2181
Oregon,29,16,13,.552,11,5,4,6,2044,1949
Oregon State,29,10,19,.345,9,6,1,10,1773,1932
Pacific,31,14,17,.452,7,10,7,7,2355,2414
Penn State,29,17,12,.586,12,4,3,7,2110,1984
Pennsylvania,28,17,11,.607,11,4,6,7,2110,2006
Pepperdine,30,9,21,.300,8,8,0,12,2346,2436
Pittsburgh,29,21,8,.724,14,3,7,3,2197,1983
Portland,31,13,18,.419,10,7,2,10,2403,2438
Portland State,29,12,17,.414,6,6,5,9,2209,2180
Prairie View,30,12,18,.400,8,4,4,13,2031,2059
Presbyterian,31,5,26,.161,5,9,0,15,1958,2155
Princeton,26,18,8,.692,9,3,7,4,1976,1784
Providence,29,21,8,.724,15,0,6,6,2286,2033
Purdue,29,24,5,.828,13,2,7,3,2129,1805
Purdue-Fort Wayne,31,17,14,.548,9,6,7,7,2296,2153
Queens (NC),31,17,14,.548,8,5,7,9,2437,2341
Quinnipiac,29,19,10,.655,9,4,8,5,2106,1988
Radford,31,18,13,.581,10,3,7,10,2152,2001
Rhode Island,28,8,20,.286,7,8,0,10,1857,1972
Rice,29,17,12,.586,11,5,6,7,2241,2170
Richmond,29,14,15,.483,12,3,1,10,2018,1992
Rider,27,15,12,.556,8,4,7,6,1892,1817
Robert Morris,31,15,16,.484,10,4,5,9,2150,2066
Rutgers,29,18,11,.621,14,4,4,6,1986,1731
Sacramento State,30,13,17,.433,9,4,4,10,1974,2025
Sacred Heart,31,15,16,.484,8,6,7,10,2205,2225
Saint Francis (PA),29,12,17,.414,9,5,3,12,2130,2147
Saint Joseph's,29,13,16,.448,9,6,4,7,2092,2119
Saint Louis,29,19,10,.655,14,3,4,6,2201,2064
Saint Mary's (CA),31,25,6,.806,16,2,6,2,2228,1838
Saint Peter's,27,11,16,.407,7,5,4,11,1656,1755
Sam Houston State,28,22,6,.786,11,1,9,5,2066,1642
Samford,31,21,10,.677,13,3,8,7,2437,2205
San Diego,30,11,19,.367,8,9,3,8,2317,2403
San Diego State,28,23,5,.821,14,1,8,1,2061,1816
San Francisco,31,18,13,.581,11,5,5,6,2345,2262
San Jose State,29,17,12,.586,11,3,4,8,1972,1951
Santa Clara,31,23,8,.742,14,4,6,3,2395,2262
Seattle,29,19,10,.655,11,2,7,6,2088,1976
Seton Hall,29,16,13,.552,10,5,5,6,1973,1884
Siena,29,17,12,.586,8,4,7,7,1992,1940
South Alabama,31,16,15,.516,10,4,4,10,2196,2023
South Carolina,29,10,19,.345,6,8,4,7,1869,2128
South Carolina State,28,5,23,.179,4,4,1,19,2077,2355
South Carolina Upstate,29,15,14,.517,11,2,4,12,1997,2016
South Dakota,30,12,18,.400,8,6,2,11,2081,2212
South Dakota State,30,18,12,.600,10,2,6,9,2128,2089
South Florida,29,13,16,.448,8,9,4,6,2124,2105
Southeast Missouri State,31,15,16,.484,9,4,5,11,2389,2371
Southeastern Louisiana,30,17,13,.567,10,4,6,8,2325,2286
Southern,28,13,15,.464,8,1,4,12,2046,2025
Southern California,29,21,8,.724,14,1,5,5,2108,1923
Southern Illinois,31,22,9,.710,13,2,8,6,2062,1910
SIU Edwardsville,31,18,13,.581,9,5,7,8,2320,2218
Southern Indiana,31,16,15,.516,10,4,5,11,2394,2302
Southern Methodist,29,10,19,.345,7,8,1,10,2042,2164
Southern Mississippi,31,25,6,.806,15,0,8,6,2315,2016
Southern Utah,29,19,10,.655,12,1,5,8,2415,2126
St. Bonaventure,30,14,16,.467,11,4,2,10,2022,2029
St. Francis (NY),29,14,15,.483,10,5,4,10,1871,1951
St. John's (NY),30,17,13,.567,11,6,3,7,2312,2250
St. Thomas,31,18,13,.581,12,2,4,11,2315,2186
Stanford,29,12,17,.414,9,6,1,7,2013,1966
Stephen F. Austin,29,19,10,.655,12,3,6,4,2223,1981
Stetson,29,17,12,.586,9,2,7,9,2228,2117
Stonehill,31,14,17,.452,7,4,6,12,2076,2157
Stony Brook,31,10,21,.323,7,7,3,13,1955,2144
Syracuse,29,16,13,.552,10,6,5,6,2150,2097
Tarleton State,30,15,15,.500,11,2,2,12,2134,2049
TCU,29,19,10,.655,12,4,3,6,2206,1961
Temple,29,15,14,.517,8,7,6,5,2034,2025
Tennessee,29,21,8,.724,13,2,4,5,2083,1645
Tennessee State,31,18,13,.581,13,4,4,8,2416,2310
Tennessee Tech,31,15,16,.484,11,5,4,11,2272,2269
Tennessee-Martin,31,18,13,.581,14,2,4,11,2514,2336
Texas,29,22,7,.759,16,1,4,5,2296,1995
Texas A&M,29,21,8,.724,14,1,6,4,2137,1911
Texas A&M-Commerce,31,13,18,.419,7,5,7,12,2196,2249
Texas A&M-Corpus Christi,30,20,10,.667,13,2,6,7,2405,2172
Texas Southern,29,11,18,.379,7,6,3,11,2005,2086
Texas State,31,13,18,.419,4,10,7,7,2034,2090
Texas Tech,29,16,13,.552,11,5,3,6,2154,1992
Texas-Rio Grande Valley,30,15,15,.500,12,6,3,9,2378,2340
The Citadel,31,10,21,.323,5,9,4,11,2117,2308
Toledo,30,24,6,.800,13,1,8,3,2565,2297
Towson,31,20,11,.645,10,2,8,7,2210,2065
Troy,31,19,12,.613,11,3,7,8,2279,2070
Tulane,26,17,9,.654,10,3,5,3,2110,1979
Tulsa,28,5,23,.179,4,10,0,11,1840,2170
UAB,31,22,9,.710,15,2,5,5,2541,2203
UC Davis,29,17,12,.586,9,3,5,9,2161,2025
UC Irvine,30,20,10,.667,10,4,8,6,2277,2025
UC Riverside,30,20,10,.667,9,3,8,7,2170,2061
UC San Diego,30,10,20,.333,4,10,6,9,2057,2189
UC Santa Barbara,29,22,7,.759,11,3,9,4,2056,1881
UCLA,29,25,4,.862,15,0,9,2,2138,1730
UNC Asheville,31,24,7,.774,13,0,10,6,2333,2131
UNC Greensboro,31,20,11,.645,11,3,8,6,2240,1997
UNC Wilmington,31,22,9,.710,11,3,8,6,2133,1983
UT Arlington,29,11,18,.379,6,8,4,7,1933,1950
Utah,30,17,13,.567,13,5,4,6,2075,1901
Utah State,29,22,7,.759,13,2,5,4,2274,2031
Utah Tech,29,12,17,.414,8,4,3,13,2186,2141
Utah Valley,29,22,7,.759,11,1,10,5,2188,1969
UTEP,29,13,16,.448,10,6,3,10,1980,1981
UTSA,30,9,21,.300,7,10,2,11,2068,2305
Valparaiso,31,11,20,.355,8,7,2,12,2156,2277
Vanderbilt,29,16,13,.552,11,5,4,6,2088,2085
Vermont,29,19,10,.655,9,1,9,6,2096,1964
Villanova,29,15,14,.517,10,3,4,8,2020,1961
Virginia,27,21,6,.778,13,1,6,5,1838,1637
Virginia Commonwealth,29,22,7,.759,14,3,7,3,2047,1817
VMI,31,7,24,.226,6,8,1,14,2148,2365
Virginia Tech,29,16,13,.552,12,4,1,9,2152,2027
Wagner,27,15,12,.556,8,4,7,8,1711,1660
Wake Forest,29,18,11,.621,13,2,4,7,2247,2144
Washington,30,16,14,.533,12,5,2,9,2061,2083
Washington State,30,15,15,.500,10,3,4,8,2018,1943
Weber State,30,16,14,.533,8,4,7,8,2001,2016
West Virginia,29,16,13,.552,12,4,2,8,2218,2054
Western Carolina,31,17,14,.548,9,5,6,9,2308,2200
Western Illinois,29,16,13,.552,11,4,5,9,2131,2104
Western Kentucky,29,15,14,.517,9,5,4,8,2125,2053
Western Michigan,29,7,22,.241,6,6,1,15,2023,2153
Wichita State,28,15,13,.536,7,8,7,3,1980,1914
William & Mary,31,12,19,.387,11,5,1,14,2100,2175
Winthrop,31,15,16,.484,10,4,4,11,2291,2304
Wisconsin,28,16,12,.571,9,5,4,6,1824,1783
Wofford,31,16,15,.516,12,4,4,11,2337,2252
Wright State,31,17,14,.548,8,6,7,7,2490,2288
Wyoming,28,8,20,.286,6,8,1,7,1938,2009
Xavier,29,21,8,.724,14,2,6,4,2374,2154
Yale,26,19,7,.731,10,1,7,6,1982,1617
Youngstown State,31,23,8,.742,13,2,9,6,2587,2255

